100 1000 3000 10
660 500 16
652 549 100
629 594 4
594 629 60
549 652 55
500 660 6
451 652 64
406 629 43
371 594 85
348 549 91
340 500 43
348 451 66
371 406 94
406 371 35
451 348 26
500 340 45
549 348 80
594 371 70
629 406 56
652 451 29
400 240 15
392 289 58
369 334 57
334 369 15
289 392 16
240 400 2
191 392 56
146 369 69
111 334 39
88 289 93
80 240 18
88 191 19
111 146 48
146 111 26
191 88 99
240 80 99
289 88 16
334 111 68
369 146 77
392 191 84
400 760 18
392 809 14
369 854 32
334 889 89
289 912 40
240 920 42
191 912 52
146 889 50
111 854 12
88 809 76
80 760 15
88 711 22
111 666 20
146 631 60
191 608 85
240 600 87
289 608 53
334 631 55
369 666 54
392 711 12
920 240 96
912 289 80
889 334 28
854 369 56
809 392 31
760 400 1
711 392 7
666 369 20
631 334 5
608 289 42
600 240 90
608 191 41
631 146 78
666 111 70
711 88 8
760 80 1
809 88 28
854 111 68
889 146 91
912 191 34
920 760 23
912 809 81
889 854 61
854 889 75
809 912 67
760 920 16
711 912 61
666 889 49
631 854 5
608 809 69
600 760 72
608 711 74
631 666 57
666 631 34
711 608 100
760 600 84
809 608 86
854 631 67
889 666 79
912 711 81

